2 23
3 18
3 26
3 28
4 21
4 22
4 30
5 0
5 24
5 26
6 1
6 5
6 28
6 29
6 30
6 31
7 5
7 9
7 22
7 23
8 2
8 10
8 11
8 14
8 15
8 16
8 17
8 25
8 27
9 5
9 6
9 7
9 13
9 18
9 22
9 23
9 24
9 25
9 26
9 28
9 31
10 10
10 16
10 21
10 25
10 31
11 14
11 15
11 20
11 25
11 29
12 2
12 4
12 7
12 17
12 23
12 28
13 0
13 5
13 9
13 11
13 21
13 22
13 27
13 31
14 4
14 9
14 13
14 27
14 30
15 7
15 12
15 18
15 29
15 30
16 2
16 15
16 22
17 6
17 27
18 9
18 31
19 13
19 16
19 17
19 18
20 17
20 21
20 22
20 29
20 30
21 7
21 21
21 28
21 29
21 30
22 1
22 2
22 3
22 11
22 23
22 26
23 1
23 14
23 26
23 31
24 1
24 4
24 6
24 9
24 17
24 30
25 3
25 6
25 7
25 11
25 12
25 18
25 20
25 21
26 3
26 6
26 26
27 8
27 25
27 31
28 13
28 30
29 2
29 6
29 18
30 4
30 5
30 9
30 11
30 22
30 23
30 24
30 25
31 7
31 12
31 13
31 28
31 30
31 31
32 0
32 1
32 8
32 9
32 10
32 15
32 19
33 0
33 6
33 7
33 8
33 9
33 10
33 11
33 14
33 19
33 21
33 23
34 3
34 19
34 23
34 26
35 7
35 24
35 26